min_distance: 1
mode: rel
threshold_abs: -4.624397457175183
threshold_rel: 0.2030814199437995
