precision: 0.7108352144469526
recall: 0.7190318529512502
fscore: 0.7149100402974062
rmse [px]: 3.482091369401252
